// Data set for mtbmark-sort

int size = 64;

int dest[64];

int src[] = {
  61610,
  44392,
  -55624,
  -32998,
  -59851,
  -28317,
  26345,
  -46029,
  59265,
  -52931,
  56423,
  -36158,
  -48175,
  -13347,
  34859,
  42337,
  1332,
  -31360,
  -52958,
  -48192,
  26681,
  -59229,
  -32892,
  -10402,
  -65442,
  805,
  23620,
  20892,
  -65343,
  -173,
  60333,
  23978,
  -31821,
  -56821,
  -59658,
  -19812,
  19762,
  -31466,
  -7713,
  50808,
  64906,
  -43091,
  31410,
  -47630,
  40964,
  -16648,
  -5277,
  -34151,
  -49261,
  18365,
  54033,
  24288,
  36685,
  -3029,
  -2011,
  57750,
  -57476,
  -17330,
  -25403,
  -8135,
  -24362,
  -42065,
  -18933,
  25159,
};

int ref[] = {
  -65442,
  -65343,
  -59851,
  -59658,
  -59229,
  -57476,
  -56821,
  -55624,
  -52958,
  -52931,
  -49261,
  -48192,
  -48175,
  -47630,
  -46029,
  -43091,
  -42065,
  -36158,
  -34151,
  -32998,
  -32892,
  -31821,
  -31466,
  -31360,
  -28317,
  -25403,
  -24362,
  -19812,
  -18933,
  -17330,
  -16648,
  -13347,
  -10402,
  -8135,
  -7713,
  -5277,
  -3029,
  -2011,
  -173,
  805,
  1332,
  18365,
  19762,
  20892,
  23620,
  23978,
  24288,
  25159,
  26345,
  26681,
  31410,
  34859,
  36685,
  40964,
  42337,
  44392,
  50808,
  54033,
  56423,
  57750,
  59265,
  60333,
  61610,
  64906,
};

